Equilibrium Climate Sensitivity/ Aerosol Radiative Forcing (ECS/ARF) binned joint distribution from Sherwood, S. C., Webb, M. J., Annan, J. D., Armour, K. C., Forster, P. M., Hargreaves, J. C., Hegerl,G., Klein, S. A., Marvel, K. D., Rohling, E. J., Watanabe, M., Andrews, T., Braconnot, P.,Bretherton, C. S., Foster, G. L., Hausfather, Z., Heydt, A. S., Knutti, R., Mauritsen, T., Norris,J. R., Proistosescu, C., Rugenstein, M., Schmidt, G. A., Tokarska, K. B. & Zelinka, M. D.(2020). An Assessment of Earth’s Climate Sensitivity Using Multiple Lines of Evidence, Rev.Geophys. 58(4).

2D table
1st column central value of ECS
1st row central value of ARF

  -2.9000000e+00  -2.7000000e+00  -2.5000000e+00  -2.3000000e+00  -2.1000000e+00  -1.9000000e+00  -1.7000000e+00  -1.5000000e+00  -1.3000000e+00  -1.1000000e+00  -9.0000000e-01  -7.0000000e-01  -5.0000000e-01  -3.0000000e-01  -1.0000000e-01   1.0000000e-01
   0.0000000e+00  -2.9000000e+00  -2.7000000e+00  -2.5000000e+00  -2.3000000e+00  -2.1000000e+00  -1.9000000e+00  -1.7000000e+00  -1.5000000e+00  -1.3000000e+00  -1.1000000e+00  -9.0000000e-01  -7.0000000e-01  -5.0000000e-01  -3.0000000e-01  -1.0000000e-01   1.0000000e-01
   1.0000000e-01   0.0000000e+00   0.0000000e+00   0.0000000e+00   0.0000000e+00   0.0000000e+00   0.0000000e+00   0.0000000e+00   0.0000000e+00   0.0000000e+00   0.0000000e+00   0.0000000e+00   0.0000000e+00   0.0000000e+00   0.0000000e+00   0.0000000e+00   0.0000000e+00
   3.0000000e-01   0.0000000e+00   0.0000000e+00   0.0000000e+00   0.0000000e+00   0.0000000e+00   0.0000000e+00   0.0000000e+00   0.0000000e+00   0.0000000e+00   0.0000000e+00   0.0000000e+00   0.0000000e+00   0.0000000e+00   0.0000000e+00   0.0000000e+00   0.0000000e+00
   5.0000000e-01   0.0000000e+00   0.0000000e+00   0.0000000e+00   0.0000000e+00   0.0000000e+00   0.0000000e+00   0.0000000e+00   4.7644100e-43   1.5414300e-44   5.2324500e-42   2.3094400e-37   2.2039100e-38   1.6992500e-37   9.4614000e-38   7.9937600e-37   0.0000000e+00
   7.0000000e-01   0.0000000e+00   0.0000000e+00   7.2867500e-44   9.8738300e-41   4.2111700e-37   5.8468900e-37   1.9465900e-31   1.0573300e-31   2.3628300e-29   1.6376500e-28   4.6979200e-27   1.9768700e-24   1.2177300e-23   1.2872500e-21   4.9571600e-24   6.4000200e-37
   9.0000000e-01   8.2413200e-41   1.0406400e-39   5.3014800e-37   1.2692700e-34   6.1463300e-31   1.7456000e-27   1.3435300e-25   1.0619400e-23   1.2926000e-18   1.1866500e-18   1.8840000e-15   4.1621300e-15   1.8648800e-13   6.3474900e-13   2.1541700e-13   1.0491500e-18
   1.1000000e+00   1.6020000e-34   9.0108300e-32   1.4430300e-31   5.5393700e-26   7.5428700e-25   1.3201200e-22   1.5684900e-18   3.7324400e-17   1.6615500e-15   8.8381600e-12   8.4175500e-11   4.0283000e-09   4.9513500e-07   6.2545000e-08   2.4978600e-08   9.5371900e-21
   1.3000000e+00   9.3850000e-33   1.6125800e-29   9.2802700e-27   7.7004900e-26   2.8454100e-20   1.3802500e-18   1.7863400e-12   2.6774500e-12   2.7730100e-08   1.3926800e-08   7.0384400e-07   2.6279400e-04   1.2871700e-04   1.5386400e-04   8.3777900e-04   2.0972000e-11
   1.5000000e+00   1.8993200e-32   1.0720600e-26   9.2035500e-26   4.4527300e-19   8.6863100e-18   3.1521400e-15   7.5575500e-12   2.7624700e-09   8.4677000e-08   5.3004200e-04   6.3025200e-04   1.0956500e-03   2.6726200e-02   5.4656300e-02   5.8987700e-02   0.0000000e+00
   1.7000000e+00   2.0057300e-30   1.6968000e-20   1.8081500e-22   3.5974900e-17   9.7811500e-15   1.3505100e-10   2.2958700e-11   4.4476800e-07   1.4579500e-04   2.5795900e-02   1.8086800e-02   1.0129000e-01   3.7709800e-01   5.8394300e-01   3.0625400e-01   0.0000000e+00
   1.9000000e+00   1.1717500e-31   6.8319600e-26   2.2765200e-22   2.5711000e-18   1.3206400e-10   4.7546500e-07   6.8583400e-07   8.8627500e-05   2.8830100e-03   1.3398600e-01   6.5946000e-01   1.4536000e+00   3.5415200e+00   3.0192800e+00   1.2415500e+00   0.0000000e+00
   2.1000000e+00   3.6699300e-28   7.5281400e-22   2.1552600e-19   1.1684600e-16   3.0970600e-13   6.1677900e-05   3.0431400e-02   4.3215500e-04   1.1117400e-01   9.6366200e-01   2.8205500e+00   5.7263600e+00   1.1871000e+01   1.0731800e+01   1.8856600e+00   0.0000000e+00
   2.3000000e+00   3.6533300e-30   6.6373400e-22   7.6540000e-18   2.1991500e-14   2.8711400e-07   9.1216300e-07   9.8699800e-06   9.8801100e-03   4.0911600e-01   1.8097600e+00   7.8352500e+00   1.9927200e+01   2.3896200e+01   2.0977200e+01   7.4082800e+00   0.0000000e+00
   2.5000000e+00   1.2328100e-29   6.3202500e-26   2.6186700e-16   1.0273200e-12   1.1199700e-09   3.9499000e-05   8.5491800e-03   4.7158600e-01   2.0867600e+00   6.3950100e+00   1.1110700e+01   2.8124800e+01   3.7682200e+01   2.5416900e+01   7.6191200e+00   0.0000000e+00
   2.7000000e+00   1.9444700e-26   1.6040000e-25   6.8065100e-20   9.2065200e-10   4.9248500e-07   1.4408500e-05   1.0191800e-01   1.4856900e-01   2.1411500e+00   1.0113500e+01   2.2835200e+01   4.0921800e+01   4.1748800e+01   2.2509900e+01   6.6242200e+00   0.0000000e+00
   2.9000000e+00   4.6965700e-32   1.4822500e-22   1.3601100e-14   1.8747300e-15   8.0370500e-09   2.2754200e-01   6.1886600e-01   2.0500200e+00   4.0833800e+00   1.0764100e+01   2.6960900e+01   4.5420700e+01   3.9257900e+01   2.1762500e+01   5.1465300e+00   1.3981300e-01
   3.1000000e+00   5.6740200e-34   2.5734100e-26   3.9136100e-16   1.5518000e-09   6.2914200e-06   5.1130500e-01   8.4557600e-01   2.0025900e+00   5.1781900e+00   1.2111400e+01   2.8257100e+01   4.1241500e+01   3.8670100e+01   1.8250500e+01   4.3809900e+00   0.0000000e+00
   3.3000000e+00   1.8247600e-26   6.3362000e-19   8.4117700e-15   7.9901600e-11   2.7846600e-05   1.3028400e-03   5.4450600e-01   1.1525100e+00   3.8016000e+00   1.4055700e+01   2.8775200e+01   4.0085200e+01   2.9859200e+01   1.4002200e+01   2.7142100e+00   0.0000000e+00
   3.5000000e+00   3.5051400e-33   7.1174800e-27   1.1741300e-18   9.2545300e-10   6.3877700e-07   5.5540700e-01   1.7554900e-01   1.0493900e+00   4.8013000e+00   1.0877700e+01   1.9795900e+01   2.5489000e+01   1.8599100e+01   1.0219000e+01   7.5876900e-01   0.0000000e+00
   3.7000000e+00   7.9568500e-41   1.8675200e-29   8.1057800e-15   1.0871000e-09   8.3069500e-07   2.4321700e-01   5.8176700e-01   1.5402000e+00   4.9276900e+00   1.3167100e+01   1.8018900e+01   1.7945200e+01   1.4466900e+01   4.9702700e+00   1.1320700e-01   0.0000000e+00
   3.9000000e+00   2.6511600e-25   1.6129700e-22   8.3127100e-11   9.8051800e-09   2.1434000e-09   9.5577000e-04   1.1275900e+00   1.6319400e+00   6.0376000e+00   1.0001900e+01   1.5319200e+01   1.4399600e+01   1.1288300e+01   2.9573200e+00   1.9008600e-01   0.0000000e+00
   4.1000000e+00   2.1383500e-39   3.2843200e-17   2.4050100e-19   2.1401800e-08   4.5998000e-02   4.3677500e-01   2.8526000e-01   1.6112500e+00   4.4275700e+00   7.0486500e+00   1.1364500e+01   1.0986500e+01   9.4142200e+00   4.0367600e+00   3.8206300e-01   0.0000000e+00
   4.3000000e+00   2.9717300e-18   3.0737400e-33   4.8395800e-06   8.9519700e-16   8.9283500e-05   3.0772900e-01   2.8462200e-01   1.1450300e+00   2.5080100e+00   7.5799300e+00   8.2257400e+00   8.2056700e+00   4.5140200e+00   1.1390200e+00   2.7077700e-01   0.0000000e+00
   4.5000000e+00   3.8841600e-40   2.9254100e-16   4.8016400e-16   7.6445800e-13   1.9295600e-04   1.6921700e-01   7.1231500e-01   1.0865700e+00   2.2948700e+00   6.0469300e+00   6.3784600e+00   4.9592800e+00   4.9500300e+00   1.1001000e+00   3.9974100e-02   0.0000000e+00
   4.7000000e+00   7.3649300e-34   1.3141000e-28   7.4971800e-17   3.5232200e-04   2.1622200e-03   9.8346300e-03   9.9508700e-01   8.6840900e-01   2.1911000e+00   4.0170500e+00   2.3930100e+00   3.4658600e+00   2.6845400e+00   8.8033700e-01   1.9757200e-05   0.0000000e+00
   4.9000000e+00   2.9192200e-31   1.9137000e-22   5.2386000e-14   3.6953900e-03   6.5676400e-05   1.9347400e-02   1.9100200e-01   8.7437700e-01   1.6095600e+00   2.0158700e+00   3.2145300e+00   3.1596600e+00   1.8495400e+00   3.9127900e-01   1.2561400e-02   0.0000000e+00
   5.1000000e+00   5.6291800e-32   7.4647100e-35   2.8161500e-08   8.0055300e-10   1.8045900e-09   3.3032000e-01   2.1296400e-01   5.0409000e-01   9.6214300e-01   1.7328900e+00   2.3340900e+00   2.6399600e+00   7.1376800e-01   6.2811100e-01   5.8439100e-04   0.0000000e+00
   5.3000000e+00   3.1746500e-25   2.7471200e-26   2.1372500e-10   8.2754200e-06   4.3523100e-03   2.6035100e-03   1.0108100e-01   7.5081600e-01   1.3078100e+00   1.3764300e+00   2.0023000e+00   5.5369600e-01   1.1963900e-01   3.5582800e-01   3.1611900e-03   0.0000000e+00
   5.5000000e+00   1.1210400e-44   1.8557600e-30   2.7764500e-07   3.9065000e-13   3.9772200e-07   5.0132700e-01   1.0799500e-01   4.1734400e-01   5.3185900e-01   8.0732400e-01   9.3565700e-01   1.1790500e+00   5.9747700e-01   2.9872600e-01   1.7907700e-04   0.0000000e+00
   5.7000000e+00   8.9549400e-40   9.3489100e-34   1.8612500e-07   4.5241500e-13   1.7815500e-05   3.0281300e-02   1.0146400e-01   4.5117900e-01   6.7284700e-01   1.3885800e+00   7.3387400e-01   8.3521200e-01   7.3438300e-01   1.3551200e-01   1.0049600e-08   0.0000000e+00
   5.9000000e+00   7.1746500e-43   6.2914300e-20   5.0031800e-24   1.8375100e-02   7.7274900e-08   2.4052400e-02   2.0243500e-01   4.1314300e-02   5.0348400e-01   4.0566400e-01   6.1998900e-01   2.6094200e-01   9.4186500e-02   3.3910100e-02   7.7774100e-04   0.0000000e+00
   6.1000000e+00   1.5414300e-44   4.1212000e-36   2.1131200e-34   5.2386800e-11   1.3819300e-01   2.3762200e-02   1.8016100e-02   2.8289400e-01   4.2015900e-01   6.5293500e-01   3.6959700e-01   4.1326200e-01   1.6835700e-01   6.7114900e-03   1.7161600e-08   0.0000000e+00
   6.3000000e+00   3.5890600e-33   8.0819200e-14   1.5545700e-15   1.6429400e-07   8.5716300e-02   5.8844700e-03   9.1233200e-03   2.2928600e-01   2.5618300e-01   2.0657800e-01   2.2825000e-01   1.7039500e-01   2.0825100e-01   3.8240600e-03   3.6934900e-12   0.0000000e+00
   6.5000000e+00   0.0000000e+00   8.3836200e-34   1.1199100e-05   8.3609100e-07   1.5192300e-05   4.8423000e-05   2.0605700e-02   1.9161700e-01   1.0449400e-01   1.9750200e-01   1.7505300e-01   2.4141600e-01   1.4030500e-01   1.0382100e-02   1.8709100e-06   0.0000000e+00
   6.7000000e+00   0.0000000e+00   2.6484500e-43   6.1324300e-20   2.7290600e-19   3.5542500e-06   7.1625100e-05   2.4274400e-01   5.3012600e-02   2.8342100e-02   1.6202000e-01   1.7547500e-01   3.0001600e-01   4.2956800e-02   6.5608200e-03   1.9182600e-06   0.0000000e+00
   6.9000000e+00   0.0000000e+00   1.7717300e-29   1.6485600e-17   9.8138800e-17   6.3455800e-02   7.1562500e-04   1.2863200e-01   1.5222200e-01   1.3819300e-01   4.2343300e-02   5.0241800e-02   9.6529000e-02   9.9107000e-02   3.0506800e-07   2.9002300e-07   0.0000000e+00
   7.1000000e+00   2.0178700e-43   1.1362400e-30   1.0202200e-31   3.2952600e-16   3.0390500e-03   3.1538800e-02   3.1389100e-02   6.1234300e-02   5.3065700e-02   5.2281500e-02   7.1812200e-03   1.0962000e-02   2.8084200e-03   5.9503200e-04   2.3745400e-08   0.0000000e+00
   7.3000000e+00   2.0705900e-35   1.6470000e-25   2.3989500e-13   6.4082300e-10   9.9868800e-13   8.1080900e-05   3.3597300e-05   5.2781200e-02   2.3155500e-01   7.3361600e-02   1.1506800e-01   1.9715300e-01   1.8395600e-02   6.1187800e-05   2.6953000e-09   0.0000000e+00
   7.5000000e+00   0.0000000e+00   5.7936700e-41   5.8679100e-18   3.4742000e-05   1.2147500e-02   2.3260600e-04   1.6213400e-03   9.5956800e-03   3.3353300e-02   2.0871600e-01   4.2120000e-02   1.5734700e-01   3.1640100e-05   1.0962600e-10   1.1354800e-16   0.0000000e+00
   7.7000000e+00   2.8238700e-26   2.6128300e-31   4.1741100e-25   5.0639700e-13   7.0785300e-02   2.5966000e-02   8.2716000e-05   5.3090000e-02   3.4555600e-02   7.3028200e-02   1.3705200e-02   1.6372700e-02   1.5592300e-03   8.1184100e-08   4.5679700e-21   0.0000000e+00
   7.9000000e+00   0.0000000e+00   2.2796400e-11   3.3085300e-28   1.0455300e-15   3.5621000e-12   5.0273600e-06   3.5587200e-02   9.1665000e-02   9.4163800e-03   4.7782400e-03   1.2009600e-02   2.0004900e-03   1.0831700e-06   1.5606200e-06   1.9557300e-13   0.0000000e+00
   0.0000000e+00   0.0000000e+00   0.0000000e+00   0.0000000e+00   0.0000000e+00   0.0000000e+00   0.0000000e+00   0.0000000e+00   0.0000000e+00   0.0000000e+00   0.0000000e+00   0.0000000e+00   0.0000000e+00   0.0000000e+00   0.0000000e+00   0.0000000e+00
   0.0000000e+00   0.0000000e+00   0.0000000e+00   0.0000000e+00   0.0000000e+00   0.0000000e+00   0.0000000e+00   0.0000000e+00   0.0000000e+00   0.0000000e+00   0.0000000e+00   0.0000000e+00   0.0000000e+00   0.0000000e+00   0.0000000e+00   0.0000000e+00
   0.0000000e+00   0.0000000e+00   0.0000000e+00   0.0000000e+00   0.0000000e+00   0.0000000e+00   0.0000000e+00   4.7644100e-43   1.5414300e-44   5.2324500e-42   2.3094400e-37   2.2039100e-38   1.6992500e-37   9.4614000e-38   7.9937600e-37   0.0000000e+00
   0.0000000e+00   0.0000000e+00   7.2867500e-44   9.8738300e-41   4.2111700e-37   5.8468900e-37   1.9465900e-31   1.0573300e-31   2.3628300e-29   1.6376500e-28   4.6979200e-27   1.9768700e-24   1.2177300e-23   1.2872500e-21   4.9571600e-24   6.4000200e-37
   8.2413200e-41   1.0406400e-39   5.3014800e-37   1.2692700e-34   6.1463300e-31   1.7456000e-27   1.3435300e-25   1.0619400e-23   1.2926000e-18   1.1866500e-18   1.8840000e-15   4.1621300e-15   1.8648800e-13   6.3474900e-13   2.1541700e-13   1.0491500e-18
   1.6020000e-34   9.0108300e-32   1.4430300e-31   5.5393700e-26   7.5428700e-25   1.3201200e-22   1.5684900e-18   3.7324400e-17   1.6615500e-15   8.8381600e-12   8.4175500e-11   4.0283000e-09   4.9513500e-07   6.2545000e-08   2.4978600e-08   9.5371900e-21
   9.3850000e-33   1.6125800e-29   9.2802700e-27   7.7004900e-26   2.8454100e-20   1.3802500e-18   1.7863400e-12   2.6774500e-12   2.7730100e-08   1.3926800e-08   7.0384400e-07   2.6279400e-04   1.2871700e-04   1.5386400e-04   8.3777900e-04   2.0972000e-11
   1.8993200e-32   1.0720600e-26   9.2035500e-26   4.4527300e-19   8.6863100e-18   3.1521400e-15   7.5575500e-12   2.7624700e-09   8.4677000e-08   5.3004200e-04   6.3025200e-04   1.0956500e-03   2.6726200e-02   5.4656300e-02   5.8987700e-02   0.0000000e+00
   2.0057300e-30   1.6968000e-20   1.8081500e-22   3.5974900e-17   9.7811500e-15   1.3505100e-10   2.2958700e-11   4.4476800e-07   1.4579500e-04   2.5795900e-02   1.8086800e-02   1.0129000e-01   3.7709800e-01   5.8394300e-01   3.0625400e-01   0.0000000e+00
   1.1717500e-31   6.8319600e-26   2.2765200e-22   2.5711000e-18   1.3206400e-10   4.7546500e-07   6.8583400e-07   8.8627500e-05   2.8830100e-03   1.3398600e-01   6.5946000e-01   1.4536000e+00   3.5415200e+00   3.0192800e+00   1.2415500e+00   0.0000000e+00
   3.6699300e-28   7.5281400e-22   2.1552600e-19   1.1684600e-16   3.0970600e-13   6.1677900e-05   3.0431400e-02   4.3215500e-04   1.1117400e-01   9.6366200e-01   2.8205500e+00   5.7263600e+00   1.1871000e+01   1.0731800e+01   1.8856600e+00   0.0000000e+00
   3.6533300e-30   6.6373400e-22   7.6540000e-18   2.1991500e-14   2.8711400e-07   9.1216300e-07   9.8699800e-06   9.8801100e-03   4.0911600e-01   1.8097600e+00   7.8352500e+00   1.9927200e+01   2.3896200e+01   2.0977200e+01   7.4082800e+00   0.0000000e+00
   1.2328100e-29   6.3202500e-26   2.6186700e-16   1.0273200e-12   1.1199700e-09   3.9499000e-05   8.5491800e-03   4.7158600e-01   2.0867600e+00   6.3950100e+00   1.1110700e+01   2.8124800e+01   3.7682200e+01   2.5416900e+01   7.6191200e+00   0.0000000e+00
   1.9444700e-26   1.6040000e-25   6.8065100e-20   9.2065200e-10   4.9248500e-07   1.4408500e-05   1.0191800e-01   1.4856900e-01   2.1411500e+00   1.0113500e+01   2.2835200e+01   4.0921800e+01   4.1748800e+01   2.2509900e+01   6.6242200e+00   0.0000000e+00
   4.6965700e-32   1.4822500e-22   1.3601100e-14   1.8747300e-15   8.0370500e-09   2.2754200e-01   6.1886600e-01   2.0500200e+00   4.0833800e+00   1.0764100e+01   2.6960900e+01   4.5420700e+01   3.9257900e+01   2.1762500e+01   5.1465300e+00   1.3981300e-01
   5.6740200e-34   2.5734100e-26   3.9136100e-16   1.5518000e-09   6.2914200e-06   5.1130500e-01   8.4557600e-01   2.0025900e+00   5.1781900e+00   1.2111400e+01   2.8257100e+01   4.1241500e+01   3.8670100e+01   1.8250500e+01   4.3809900e+00   0.0000000e+00
   1.8247600e-26   6.3362000e-19   8.4117700e-15   7.9901600e-11   2.7846600e-05   1.3028400e-03   5.4450600e-01   1.1525100e+00   3.8016000e+00   1.4055700e+01   2.8775200e+01   4.0085200e+01   2.9859200e+01   1.4002200e+01   2.7142100e+00   0.0000000e+00
   3.5051400e-33   7.1174800e-27   1.1741300e-18   9.2545300e-10   6.3877700e-07   5.5540700e-01   1.7554900e-01   1.0493900e+00   4.8013000e+00   1.0877700e+01   1.9795900e+01   2.5489000e+01   1.8599100e+01   1.0219000e+01   7.5876900e-01   0.0000000e+00
   7.9568500e-41   1.8675200e-29   8.1057800e-15   1.0871000e-09   8.3069500e-07   2.4321700e-01   5.8176700e-01   1.5402000e+00   4.9276900e+00   1.3167100e+01   1.8018900e+01   1.7945200e+01   1.4466900e+01   4.9702700e+00   1.1320700e-01   0.0000000e+00
   2.6511600e-25   1.6129700e-22   8.3127100e-11   9.8051800e-09   2.1434000e-09   9.5577000e-04   1.1275900e+00   1.6319400e+00   6.0376000e+00   1.0001900e+01   1.5319200e+01   1.4399600e+01   1.1288300e+01   2.9573200e+00   1.9008600e-01   0.0000000e+00
   2.1383500e-39   3.2843200e-17   2.4050100e-19   2.1401800e-08   4.5998000e-02   4.3677500e-01   2.8526000e-01   1.6112500e+00   4.4275700e+00   7.0486500e+00   1.1364500e+01   1.0986500e+01   9.4142200e+00   4.0367600e+00   3.8206300e-01   0.0000000e+00
   2.9717300e-18   3.0737400e-33   4.8395800e-06   8.9519700e-16   8.9283500e-05   3.0772900e-01   2.8462200e-01   1.1450300e+00   2.5080100e+00   7.5799300e+00   8.2257400e+00   8.2056700e+00   4.5140200e+00   1.1390200e+00   2.7077700e-01   0.0000000e+00
   3.8841600e-40   2.9254100e-16   4.8016400e-16   7.6445800e-13   1.9295600e-04   1.6921700e-01   7.1231500e-01   1.0865700e+00   2.2948700e+00   6.0469300e+00   6.3784600e+00   4.9592800e+00   4.9500300e+00   1.1001000e+00   3.9974100e-02   0.0000000e+00
   7.3649300e-34   1.3141000e-28   7.4971800e-17   3.5232200e-04   2.1622200e-03   9.8346300e-03   9.9508700e-01   8.6840900e-01   2.1911000e+00   4.0170500e+00   2.3930100e+00   3.4658600e+00   2.6845400e+00   8.8033700e-01   1.9757200e-05   0.0000000e+00
   2.9192200e-31   1.9137000e-22   5.2386000e-14   3.6953900e-03   6.5676400e-05   1.9347400e-02   1.9100200e-01   8.7437700e-01   1.6095600e+00   2.0158700e+00   3.2145300e+00   3.1596600e+00   1.8495400e+00   3.9127900e-01   1.2561400e-02   0.0000000e+00
   5.6291800e-32   7.4647100e-35   2.8161500e-08   8.0055300e-10   1.8045900e-09   3.3032000e-01   2.1296400e-01   5.0409000e-01   9.6214300e-01   1.7328900e+00   2.3340900e+00   2.6399600e+00   7.1376800e-01   6.2811100e-01   5.8439100e-04   0.0000000e+00
   3.1746500e-25   2.7471200e-26   2.1372500e-10   8.2754200e-06   4.3523100e-03   2.6035100e-03   1.0108100e-01   7.5081600e-01   1.3078100e+00   1.3764300e+00   2.0023000e+00   5.5369600e-01   1.1963900e-01   3.5582800e-01   3.1611900e-03   0.0000000e+00
   1.1210400e-44   1.8557600e-30   2.7764500e-07   3.9065000e-13   3.9772200e-07   5.0132700e-01   1.0799500e-01   4.1734400e-01   5.3185900e-01   8.0732400e-01   9.3565700e-01   1.1790500e+00   5.9747700e-01   2.9872600e-01   1.7907700e-04   0.0000000e+00
   8.9549400e-40   9.3489100e-34   1.8612500e-07   4.5241500e-13   1.7815500e-05   3.0281300e-02   1.0146400e-01   4.5117900e-01   6.7284700e-01   1.3885800e+00   7.3387400e-01   8.3521200e-01   7.3438300e-01   1.3551200e-01   1.0049600e-08   0.0000000e+00
   7.1746500e-43   6.2914300e-20   5.0031800e-24   1.8375100e-02   7.7274900e-08   2.4052400e-02   2.0243500e-01   4.1314300e-02   5.0348400e-01   4.0566400e-01   6.1998900e-01   2.6094200e-01   9.4186500e-02   3.3910100e-02   7.7774100e-04   0.0000000e+00
   1.5414300e-44   4.1212000e-36   2.1131200e-34   5.2386800e-11   1.3819300e-01   2.3762200e-02   1.8016100e-02   2.8289400e-01   4.2015900e-01   6.5293500e-01   3.6959700e-01   4.1326200e-01   1.6835700e-01   6.7114900e-03   1.7161600e-08   0.0000000e+00
   3.5890600e-33   8.0819200e-14   1.5545700e-15   1.6429400e-07   8.5716300e-02   5.8844700e-03   9.1233200e-03   2.2928600e-01   2.5618300e-01   2.0657800e-01   2.2825000e-01   1.7039500e-01   2.0825100e-01   3.8240600e-03   3.6934900e-12   0.0000000e+00
   0.0000000e+00   8.3836200e-34   1.1199100e-05   8.3609100e-07   1.5192300e-05   4.8423000e-05   2.0605700e-02   1.9161700e-01   1.0449400e-01   1.9750200e-01   1.7505300e-01   2.4141600e-01   1.4030500e-01   1.0382100e-02   1.8709100e-06   0.0000000e+00
   0.0000000e+00   2.6484500e-43   6.1324300e-20   2.7290600e-19   3.5542500e-06   7.1625100e-05   2.4274400e-01   5.3012600e-02   2.8342100e-02   1.6202000e-01   1.7547500e-01   3.0001600e-01   4.2956800e-02   6.5608200e-03   1.9182600e-06   0.0000000e+00
   0.0000000e+00   1.7717300e-29   1.6485600e-17   9.8138800e-17   6.3455800e-02   7.1562500e-04   1.2863200e-01   1.5222200e-01   1.3819300e-01   4.2343300e-02   5.0241800e-02   9.6529000e-02   9.9107000e-02   3.0506800e-07   2.9002300e-07   0.0000000e+00
   2.0178700e-43   1.1362400e-30   1.0202200e-31   3.2952600e-16   3.0390500e-03   3.1538800e-02   3.1389100e-02   6.1234300e-02   5.3065700e-02   5.2281500e-02   7.1812200e-03   1.0962000e-02   2.8084200e-03   5.9503200e-04   2.3745400e-08   0.0000000e+00
   2.0705900e-35   1.6470000e-25   2.3989500e-13   6.4082300e-10   9.9868800e-13   8.1080900e-05   3.3597300e-05   5.2781200e-02   2.3155500e-01   7.3361600e-02   1.1506800e-01   1.9715300e-01   1.8395600e-02   6.1187800e-05   2.6953000e-09   0.0000000e+00
   0.0000000e+00   5.7936700e-41   5.8679100e-18   3.4742000e-05   1.2147500e-02   2.3260600e-04   1.6213400e-03   9.5956800e-03   3.3353300e-02   2.0871600e-01   4.2120000e-02   1.5734700e-01   3.1640100e-05   1.0962600e-10   1.1354800e-16   0.0000000e+00
   2.8238700e-26   2.6128300e-31   4.1741100e-25   5.0639700e-13   7.0785300e-02   2.5966000e-02   8.2716000e-05   5.3090000e-02   3.4555600e-02   7.3028200e-02   1.3705200e-02   1.6372700e-02   1.5592300e-03   8.1184100e-08   4.5679700e-21   0.0000000e+00
   0.0000000e+00   2.2796400e-11   3.3085300e-28   1.0455300e-15   3.5621000e-12   5.0273600e-06   3.5587200e-02   9.1665000e-02   9.4163800e-03   4.7782400e-03   1.2009600e-02   2.0004900e-03   1.0831700e-06   1.5606200e-06   1.9557300e-13   0.0000000e+00
   1.0000000e-01   3.0000000e-01   5.0000000e-01   7.0000000e-01   9.0000000e-01   1.1000000e+00   1.3000000e+00   1.5000000e+00   1.7000000e+00   1.9000000e+00   2.1000000e+00   2.3000000e+00   2.5000000e+00   2.7000000e+00   2.9000000e+00   3.1000000e+00   3.3000000e+00   3.5000000e+00   3.7000000e+00   3.9000000e+00   4.1000000e+00   4.3000000e+00   4.5000000e+00   4.7000000e+00   4.9000000e+00   5.1000000e+00   5.3000000e+00   5.5000000e+00   5.7000000e+00   5.9000000e+00   6.1000000e+00   6.3000000e+00   6.5000000e+00   6.7000000e+00   6.9000000e+00   7.1000000e+00   7.3000000e+00   7.5000000e+00   7.7000000e+00   7.9000000e+00
